1864967
2923368
3437959
3459061
3609929
3619192
3638997
3783324
3791712
3798717
3817796
3954192
3961992
3966678
3970199
3974409
3980871
3998613
4130592
4138392
4143078
4146599
4150809
4157271
4175013
4300075
4307140
4311385
4314484
4316946
4319000
4320768
4322346
4324044
4326003
4328325
4331198
4335011
4340864
4356934
4476475
4483540
4487785
4490884
4493346
4495400
4497168
4498746
4500444
4502403
4504725
4507598
4511411
4517264
4533334
4648292
4654870
4658823
4661707
4664000
4665912
4667559
4669008
4670304
4671479
4672554
4673546
4674468
4675372
4676341
4677390
4678533
4679790
4681189
4682771
4684594
4686756
4689431
4692981
4698431
4713392
4825008
4831620
4835592
4838492
4840796
4842718
4844373
4845829
4847132
4848313
4849394
4850391
4851325
4852300
4853354
4854503
4855766
4857173
4858762
4860595
4862768
4865456
4869025
4874502
4889540
5001092
5007670
5011623
5014507
5016800
5018712
5020359
5021808
5023104
5024279
5025354
5026346
5027268
5028172
5029141
5030190
5031333
5032590
5033989
5035571
5037394
5039556
5042231
5045781
5051231
5066192
5174516
5180778
5184540
5187286
5189468
5191289
5192856
5194235
5195469
5196587
5197611
5198555
5199432
5200252
5201022
5201748
5202436
5203088
5203710
5204323
5204966
5205642
5206356
5207113
5207917
5208776
5209699
5210697
5211785
5212982
5214314
5215819
5217555
5219613
5222159
5225539
5230726
5244968
5349805
5355948
5359640
5362334
5364475
5366261
5367799
5369152
5370363
5371460
5372464
5373391
5374251
5375056
5375811
5376524
5377198
5377838
5378448
5379030
5379588
5380122
5380651
5381201
5381776
5382377
5383007
5383671
5384372
5385114
5385903
5386746
5387651
5388631
5389698
5390872
5392179
5393656
5395359
5397378
5399876
5403192
5408282
5422255
5526037
5532162
5535843
5538529
5540664
5542445
5543978
5545327
5546535
5547628
5548630
5549554
5550412
5551214
5551967
5552677
5553350
5553988
5554596
5555177
5555732
5556265
5556780
5557307
5557855
5558428
5559028
5559656
5560318
5561017
5561756
5562543
5563384
5564287
5565263
5566328
5567498
5568801
5570274
5571972
5573985
5576476
5579783
5584857
5598790
5702436
5708562
5712243
5714929
5717064
5718845
5720378
5721728
5722935
5724028
5725030
5725953
5726812
5727614
5728367
5729077
5729750
5730388
5730996
5731577
5732132
5732665
5733180
5733707
5734255
5734828
5735427
5736057
5736718
5737416
5738156
5738943
5739784
5740687
5741663
5742728
5743898
5745201
5746674
5748372
5750386
5752876
5756183
5761257
5775190
5877094
5883034
5886604
5889209
5891279
5893006
5894493
5895801
5896972
5898033
5899004
5899900
5900732
5901510
5902240
5902929
5903581
5904201
5904790
5905353
5905892
5906409
5906906
5907383
5907844
5908290
5908720
5909136
5909542
5909955
5910381
5910821
5911278
5911750
5912241
5912752
5913284
5913839
5914421
5915030
5915672
5916349
5917067
5917830
5918645
5919521
5920468
5921500
5922635
5923899
5925327
5926973
5928926
5931342
5934548
5939469
5952981
6052549
6058388
6061898
6064459
6066494
6068192
6069654
6070940
6072091
6073134
6074088
6074969
6075787
6076552
6077270
6077947
6078588
6079197
6079776
6080330
6080860
6081368
6081856
6082326
6082779
6083217
6083640
6084049
6084446
6084832
6085206
6085569
6085925
6086285
6086656
6087038
6087431
6087837
6088256
6088689
6089137
6089602
6090085
6090587
6091109
6091656
6092227
6092827
6093458
6094123
6094829
6095579
6096380
6097242
6098172
6099187
6100303
6101546
6102949
6104568
6106488
6108862
6112014
6116852
6130136
6228733
6234550
6238045
6240596
6242623
6244314
6245770
6247052
6248198
6249237
6250188
6251065
6251880
6252642
6253357
6254032
6254670
6255277
6255854
6256405
6256933
6257439
6257925
6258393
6258844
6259280
6259702
6260110
6260505
6260889
6261261
6261624
6261976
6262321
6262671
6263030
6263399
6263779
6264171
6264576
6264993
6265424
6265871
6266334
6266814
6267314
6267835
6268380
6268949
6269546
6270174
6270838
6271540
6272287
6273085
6273943
6274870
6275881
6276993
6278230
6279629
6281241
6283153
6285518
6288658
6293476
6306708
6404722
6410495
6413964
6416496
6418508
6420187
6421632
6422904
6424042
6425073
6426016
6426887
6427696
6428452
6429162
6429831
6430465
6431066
6431640
6432187
6432711
6433213
6433695
6434160
6434608
6435040
6435459
6435864
6436256
6436637
6437007
6437367
6437717
6438057
6438389
6438714
6439044
6439381
6439729
6440085
6440452
6440830
6441218
6441620
6442033
6442461
6442905
6443364
6443841
6444337
6444855
6445395
6445960
6446553
6447176
6447835
6448532
6449273
6450065
6450916
6451837
6452840
6453943
6455171
6456560
6458160
6460057
6462405
6465521
6470304
6483436
6580927
6586679
6590135
6592658
6594663
6596336
6597776
6599043
6600177
6601203
6602143
6603012
6603818
6604571
6605278
6605945
6606577
6607176
6607747
6608293
6608814
6609315
6609796
6610259
6610705
6611136
6611553
6611956
6612347
6612726
6613095
6613453
6613802
6614142
6614472
6614795
6615111
6615431
6615759
6616096
6616442
6616798
6617163
6617539
6617927
6618326
6618739
6619165
6619607
6620065
6620540
6621035
6621550
6622088
6622651
6623241
6623863
6624519
6625214
6625952
6626742
6627590
6628507
6629506
6630606
6631830
6633213
6634807
6636698
6639037
6642142
6646907
6659992
6756187
6761818
6765202
6767671
6769634
6771271
6772680
6773921
6775031
6776037
6776957
6777807
6778595
6779333
6780025
6780679
6781296
6781883
6782442
6782976
6783487
6783977
6784448
6784901
6785338
6785760
6786168
6786563
6786945
6787317
6787678
6788028
6788369
6788702
6789026
6789342
6789650
6789951
6790245
6790533
6790815
6791091
6791360
6791629
6791903
6792183
6792469
6792761
6793060
6793366
6793679
6794001
6794331
6794669
6795017
6795374
6795743
6796122
6796514
6796917
6797335
6797767
6798215
6798681
6799165
6799670
6800196
6800747
6801326
6801934
6802576
6803256
6803979
6804752
6805582
6806480
6807459
6808535
6809732
6811086
6812647
6814499
6816788
6819828
6824493
6837302
6932275
6937873
6941237
6943692
6945643
6947270
6948672
6949905
6951008
6952008
6952923
6953767
6954552
6955285
6955973
6956622
6957237
6957820
6958376
6958906
6959414
6959902
6960369
6960820
6961254
6961674
6962079
6962472
6962852
6963222
6963580
6963929
6964268
6964598
6964921
6965235
6965541
6965841
6966133
6966419
6966699
6966973
6967242
6967505
6967762
6968019
6968280
6968547
6968819
6969097
6969382
6969672
6969969
6970274
6970585
6970905
6971233
6971569
6971915
6972270
6972636
6973014
6973403
6973804
6974219
6974649
6975095
6975557
6976039
6976540
6977063
6977611
6978186
6978791
6979429
6980105
6980824
6981592
6982418
6983310
6984283
6985353
6986543
6987889
6989441
6991281
6993558
6996579
7001217
7013951
7108235
7113787
7117122
7119557
7121491
7123106
7124495
7125718
7126812
7127803
7128711
7129548
7130326
7131053
7131736
7132379
7132989
7133567
7134119
7134645
7135148
7135631
7136096
7136542
7136973
7137389
7137791
7138180
7138558
7138924
7139279
7139625
7139961
7140289
7140609
7140920
7141224
7141521
7141811
7142095
7142372
7142644
7142910
7143171
7143426
7143677
7143923
7144164
7144405
7144650
7144899
7145153
7145412
7145677
7145947
7146222
7146504
7146792
7147087
7147389
7147698
7148015
7148340
7148674
7149017
7149369
7149732
7150106
7150492
7150890
7151302
7151728
7152170
7152628
7153106
7153603
7154122
7154665
7155236
7155835
7156468
7157139
7157852
7158613
7159432
7160317
7161281
7162343
7163524
7164858
7166397
7168222
7170479
7173475
7178075
7190702
7283842
7289309
7292594
7294992
7296897
7298487
7299856
7301059
7302137
7303114
7304007
7304832
7305598
7306314
7306986
7307620
7308220
7308790
7309332
7309851
7310347
7310822
7311280
7311720
7312144
7312553
7312949
7313333
7313704
7314065
7314415
7314756
7315087
7315410
7315724
7316031
7316331
7316623
7316909
7317188
7317461
7317729
7317991
7318248
7318499
7318746
7318989
7319226
7319460
7319689
7319914
7320137
7320355
7320569
7320782
7320999
7321219
7321444
7321672
7321904
7322140
7322381
7322627
7322877
7323133
7323393
7323659
7323930
7324208
7324492
7324782
7325080
7325384
7325696
7326016
7326345
7326683
7327030
7327387
7327755
7328135
7328528
7328933
7329353
7329788
7330240
7330709
7331199
7331711
7332246
7332807
7333398
7334021
7334682
7335383
7336134
7336940
7337811
7338761
7339806
7340969
7342283
7343799
7345596
7347819
7350770
7355299
7367734
7460965
7466509
7469840
7472271
7474204
7475816
7477203
7478424
7479517
7480507
7481413
7482249
7483026
7483752
7484434
7485077
7485685
7486263
7486814
7487338
7487842
7488324
7488787
7489234
7489664
7490079
7490481
7490870
7491247
7491612
7491967
7492313
7492648
7492976
7493294
7493606
7493909
7494206
7494496
7494779
7495056
7495327
7495593
7495854
7496109
7496360
7496605
7496846
7497084
7497323
7497567
7497816
7498070
7498329
7498594
7498863
7499139
7499420
7499707
7500002
7500303
7500612
7500929
7501253
7501587
7501929
7502281
7502643
7503017
7503402
7503800
7504211
7504636
7505078
7505536
7506012
7506509
7507027
7507570
7508140
7508738
7509370
7510040
7510752
7511513
7512330
7513214
7514177
7515237
7516416
7517749
7519286
7521108
7523362
7526355
7530947
7543558
7631235
7636127
7639067
7641213
7642918
7644340
7645564
7646642
7647607
7648480
7649280
7650018
7650703
7651344
7651946
7652513
7653050
7653560
7654045
7654509
7654953
7655379
7655788
7656182
7656561
7656928
7657282
7657625
7657957
7658280
7658594
7658899
7659195
7659484
7659765
7660039
7660307
7660569
7660825
7661075
7661319
7661559
7661794
7662023
7662249
7662469
7662686
7662899
7663108
7663313
7663515
7663714
7663909
7664101
7664289
7664475
7664658
7664838
7665016
7665191
7665363
7665532
7665700
7665866
7666028
7666189
7666347
7666504
7666659
7666812
7666962
7667111
7667258
7667404
7667548
7667690
7667830
7667969
7668106
7668242
7668376
7668509
7668641
7668771
7668900
7669027
7669153
7669279
7669402
7669524
7669646
7669766
7669885
7670003
7670120
7670235
7670350
7670464
7670577
7670688
7670799
7670908
7671017
7671125
7671232
7671338
7671443
7671548
7671651
7671754
7671857
7671957
7672058
7672157
7672256
7672354
7672451
7672548
7672644
7672739
7672834
7672928
7673021
7673114
7673205
7673297
7673387
7673478
7673568
7673660
7673752
7673846
7673939
7674033
7674128
7674224
7674321
7674418
7674515
7674614
7674713
7674813
7674914
7675016
7675119
7675222
7675326
7675431
7675537
7675644
7675751
7675860
7675969
7676080
7676191
7676303
7676417
7676531
7676646
7676763
7676880
7677000
7677119
7677240
7677362
7677485
7677610
7677736
7677863
7677991
7678121
7678252
7678384
7678518
7678654
7678791
7678929
7679069
7679211
7679353
7679499
7679645
7679794
7679944
7680096
7680250
7680406
7680564
7680724
7680886
7681051
7681218
7681387
7681559
7681733
7681909
7682089
7682271
7682456
7682643
7682834
7683029
7683226
7683427
7683631
7683838
7684050
7684266
7684486
7684710
7684938
7685171
7685409
7685652
7685901
7686155
7686414
7686680
7686953
7687232
7687519
7687813
7688115
7688426
7688745
7689075
7689415
7689766
7690129
7690504
7690894
7691298
7691718
7692157
7692615
7693093
7693596
7694124
7694682
7695273
7695901
7696573
7697294
7698074
7698924
7699858
7700899
7702076
7703432
7705040
7707030
7709670
7713723
7724852
7829322
7836520
7840844
7844001
7846510
7848602
7850432
7852427
7854793
7857720
7861605
7867567
7883938
7987601
7992872
7996040
7998352
8000189
8001721
8003041
8004202
8005241
8006182
8007044
8007839
8008577
8009268
8009916
8010527
8011105
8011655
8012179
8012678
8013156
8013615
8014055
8014480
8014889
8015284
8015666
8016035
8016394
8016742
8017080
8017407
8017727
8018038
8018341
8018637
8018925
8019207
8019483
8019752
8020016
8020274
8020527
8020774
8021017
8021255
8021488
8021718
8021943
8022164
8022382
8022595
8022805
8023013
8023216
8023416
8023613
8023807
8023998
8024187
8024373
8024556
8024736
8024914
8025089
8025263
8025434
8025603
8025769
8025934
8026096
8026257
8026419
8026582
8026749
8026917
8027087
8027259
8027434
8027611
8027792
8027973
8028158
8028346
8028537
8028730
8028925
8029125
8029327
8029533
8029742
8029955
8030171
8030391
8030615
8030843
8031075
8031312
8031553
8031799
8032050
8032307
8032569
8032836
8033110
8033390
8033677
8033970
8034271
8034580
8034897
8035223
8035557
8035902
8036257
8036623
8037001
8037392
8037797
8038216
8038652
8039105
8039578
8040070
8040586
8041127
8041697
8042298
8042935
8043612
8044335
8045112
8045953
8046869
8047876
8048997
8050265
8051726
8053459
8055602
8058447
8062815
8074805
8164046
8169322
8172493
8174806
8176645
8178179
8179500
8180662
8181702
8182644
8183507
8184302
8185042
8185733
8186382
8186993
8187573
8188122
8188646
8189146
8189625
8190084
8190525
8190949
8191359
8191754
8192136
8192506
8192865
8193213
8193552
8193880
8194200
8194511
8194815
8195111
8195399
8195681
8195957
8196227
8196491
8196749
8197002
8197250
8197493
8197731
8197964
8198195
8198419
8198641
8198859
8199073
8199283
8199490
8199693
8199894
8200091
8200285
8200476
8200665
8200851
8201034
8201215
8201393
8201569
8201742
8201913
8202082
8202249
8202414
8202577
8202738
8202902
8203069
8203237
8203407
8203580
8203755
8203933
8204112
8204295
8204480
8204667
8204858
8205052
8205248
8205447
8205650
8205856
8206065
8206278
8206494
8206714
8206938
8207167
8207399
8207636
8207878
8208124
8208376
8208632
8208895
8209162
8209436
8209716
8210003
8210297
8210598
8210907
8211224
8211550
8211885
8212230
8212586
8212952
8213330
8213722
8214127
8214547
8214983
8215437
8215909
8216402
8216919
8217461
8218031
8218632
8219270
8219947
8220671
8221449
8222290
8223207
8224215
8225338
8226606
8228069
8229803
8231949
8234796
8239168
8251169
8342431
8347918
8351215
8353621
8355534
8357129
8358503
8359711
8360793
8361773
8362670
8363498
8364266
8364985
8365660
8366296
8366898
8367470
8368014
8368534
8369032
8369510
8369968
8370410
8370836
8371247
8371645
8372029
8372402
8372764
8373116
8373457
8373790
8374114
8374430
8374737
8375038
8375331
8375618
8375899
8376173
8376441
8376704
8376962
8377215
8377463
8377706
8377944
8378179
8378409
8378635
8378858
8379077
8379298
8379524
8379752
8379986
8380223
8380465
8380711
8380962
8381219
8381480
8381747
8382020
8382298
8382583
8382874
8383173
8383478
8383791
8384113
8384443
8384782
8385130
8385489
8385858
8386239
8386633
8387040
8387461
8387898
8388352
8388823
8389315
8389828
8390365
8390928
8391521
8392147
8392810
8393514
8394267
8395076
8395951
8396904
8397953
8399120
8400440
8401961
8403764
8405995
8408958
8413503
8425984
8519296
8524832
8528159
8530587
8532516
8534126
8535512
8536732
8537823
8538812
8539717
8540552
8541328
8542052
8542733
8543375
8543983
8544560
8545109
8545634
8546136
8546618
8547081
8547526
8547956
8548371
8548772
8549160
8549537
8549902
8550257
8550602
8550937
8551264
8551582
8551893
8552196
8552492
8552781
8553064
8553341
8553612
8553877
8554138
8554393
8554642
8554888
8555129
8555365
8555601
8555840
8556085
8556333
8556587
8556845
8557109
8557378
8557653
8557934
8558222
8558516
8558817
8559125
8559441
8559765
8560098
8560440
8560792
8561154
8561526
8561911
8562308
8562719
8563144
8563585
8564042
8564518
8565014
8565532
8566073
8566642
8567240
8567871
8568540
8569251
8570011
8570827
8571710
8572672
8573730
8574908
8576239
8577773
8579593
8581845
8584833
8589420
8602013
8693384
8698675
8701854
8704174
8706018
8707556
8708881
8710046
8711089
8712034
8712899
8713697
8714438
8715131
8715781
8716395
8716975
8717527
8718052
8718554
8719034
8719494
8719936
8720362
8720772
8721169
8721552
8721924
8722283
8722632
8722971
8723301
8723621
8723933
8724238
8724535
8724824
8725107
8725384
8725654
8725919
8726177
8726431
8726680
8726924
8727162
8727397
8727627
8727853
8728075
8728293
8728508
8728719
8728926
8729130
8729331
8729529
8729724
8729915
8730104
8730291
8730475
8730656
8730835
8731011
8731184
8731356
8731526
8731693
8731858
8732025
8732194
8732365
8732538
8732713
8732891
8733071
8733254
8733440
8733628
8733820
8734013
8734211
8734410
8734614
8734820
8735029
8735243
8735460
8735681
8735906
8736134
8736368
8736605
8736848
8737095
8737347
8737604
8737867
8738136
8738410
8738691
8738979
8739274
8739576
8739885
8740203
8740530
8740866
8741212
8741568
8741936
8742316
8742708
8743114
8743535
8743972
8744427
8744901
8745396
8745914
8746457
8747029
8747632
8748271
8748951
8749677
8750457
8751300
8752219
8753230
8754356
8755628
8757094
8758834
8760985
8763841
8768224
8780259
8871141
8876576
8879842
8882225
8884119
8885700
8887060
8888258
8889328
8890299
8891188
8892007
8892769
8893481
8894149
8894779
8895376
8895942
8896481
8896997
8897490
8897962
8898417
8898855
8899277
8899684
8900077
8900458
8900828
8901186
8901535
8901873
8902202
8902523
8902836
8903141
8903439
8903729
8904013
8904291
8904562
8904829
8905089
8905344
8905595
8905840
8906081
8906317
8906550
8906778
8907002
8907222
8907439
8907652
8907862
8908068
8908271
8908477
8908686
8908898
8909113
8909333
8909555
8909782
8910014
8910249
8910488
8910732
8910981
8911235
8911493
8911758
8912028
8912304
8912586
8912875
8913170
8913473
8913783
8914102
8914428
8914764
8915109
8915464
8915830
8916208
8916598
8917001
8917418
8917851
8918300
8918767
8919254
8919762
8920294
8920852
8921440
8922059
8922716
8923413
8924160
8924961
8925827
8926772
8927810
8928966
8930273
8931780
8933566
8935776
8938710
8943212
8955575
9047310
9052721
9055972
9058345
9060231
9061804
9063158
9064350
9065416
9066382
9067267
9068083
9068841
9069549
9070215
9070842
9071436
9072000
9072537
9073050
9073541
9074011
9074463
9074899
9075319
9075724
9076116
9076496
9076864
9077220
9077567
9077904
9078232
9078551
9078862
9079166
9079462
9079752
9080034
9080311
9080582
9080846
9081106
9081359
9081609
9081853
9082093
9082328
9082559
9082787
9083009
9083229
9083445
9083657
9083865
9084071
9084273
9084472
9084669
9084867
9085069
9085273
9085481
9085692
9085907
9086125
9086347
9086573
9086803
9087037
9087275
9087519
9087766
9088019
9088276
9088539
9088809
9089083
9089364
9089651
9089945
9090247
9090555
9090872
9091197
9091532
9091876
9092229
9092594
9092969
9093357
9093759
9094174
9094605
9095052
9095517
9096002
9096508
9097038
9097593
9098178
9098795
9099448
9100142
9100885
9101683
9102545
9103485
9104520
9105670
9106971
9108471
9110250
9112449
9115370
9119852
9132160
9224181
9229641
9232922
9235317
9237220
9238808
9240175
9241377
9242454
9243429
9244321
9245145
9245910
9246625
9247297
9247930
9248529
9249098
9249641
9250158
9250653
9251129
9251585
9252025
9252448
9252857
9253253
9253636
9254007
9254367
9254717
9255057
9255388
9255710
9256025
9256331
9256630
9256922
9257207
9257486
9257759
9258027
9258288
9258545
9258796
9259043
9259285
9259522
9259756
9259985
9260210
9260432
9260649
9260863
9261074
9261287
9261504
9261724
9261948
9262176
9262408
9262644
9262885
9263130
9263380
9263635
9263895
9264161
9264432
9264709
9264993
9265283
9265580
9265883
9266196
9266515
9266844
9267181
9267527
9267885
9268252
9268632
9269023
9269428
9269848
9270282
9270734
9271203
9271692
9272203
9272737
9273298
9273888
9274510
9275170
9275871
9276620
9277426
9278296
9279245
9280289
9281450
9282763
9284276
9286072
9288292
9291240
9295763
9308183
9401365
9406909
9410240
9412671
9414604
9416216
9417603
9418824
9419917
9420907
9421813
9422649
9423426
9424152
9424834
9425477
9426085
9426663
9427214
9427738
9428242
9428724
9429187
9429634
9430064
9430479
9430881
9431270
9431647
9432012
9432367
9432713
9433048
9433376
9433694
9434006
9434309
9434606
9434896
9435179
9435456
9435727
9435993
9436254
9436509
9436760
9437005
9437246
9437484
9437723
9437967
9438216
9438470
9438729
9438994
9439263
9439539
9439820
9440107
9440402
9440703
9441012
9441329
9441653
9441987
9442329
9442681
9443043
9443417
9443802
9444200
9444611
9445036
9445478
9445936
9446412
9446909
9447427
9447970
9448540
9449138
9449770
9450440
9451152
9451913
9452730
9453614
9454577
9455637
9456816
9458149
9459686
9461508
9463762
9466755
9471347
9483958
9574809
9580039
9583181
9585475
9587298
9588818
9590127
9591279
9592310
9593244
9594099
9594887
9595620
9596305
9596948
9597555
9598129
9598674
9599193
9599689
9600163
9600618
9601055
9601476
9601882
9602274
9602653
9603019
9603375
9603720
9604055
9604381
9604698
9605006
9605307
9605600
9605887
9606166
9606440
9606707
9606968
9607224
9607475
9607720
9607961
9608197
9608430
9608657
9608880
9609100
9609315
9609527
9609736
9609941
9610143
9610341
9610537
9610730
9610919
9611106
9611290
9611472
9611651
9611828
9612001
9612174
9612343
9612511
9612676
9612839
9613000
9613160
9613317
9613472
9613626
9613778
9613929
9614082
9614238
9614394
9614552
9614713
9614876
9615040
9615207
9615376
9615548
9615721
9615897
9616075
9616256
9616439
9616626
9616814
9617006
9617200
9617398
9617599
9617803
9618011
9618221
9618436
9618655
9618877
9619103
9619334
9619568
9619807
9620052
9620301
9620556
9620815
9621080
9621352
9621630
9621914
9622206
9622504
9622810
9623125
9623448
9623779
9624121
9624474
9624837
9625212
9625600
9626001
9626418
9626850
9627299
9627768
9628257
9628769
9629306
9629871
9630468
9631099
9631770
9632488
9633259
9634093
9635002
9636001
9637114
9638371
9639820
9641540
9643666
9646490
9650822
9662718
9756524
9762319
9765801
9768342
9770361
9772046
9773496
9774773
9775916
9776950
9777897
9778771
9779583
9780342
9781055
9781726
9782363
9782966
9783542
9784091
9784616
9785121
9785605
9786072
9786521
9786955
9787375
9787782
9788175
9788558
9788929
9789290
9789641
9789983
9790317
9790656
9791005
9791363
9791731
9792110
9792500
9792903
9793318
9793748
9794193
9794654
9795133
9795631
9796150
9796692
9797259
9797854
9798480
9799141
9799840
9800585
9801380
9802235
9803158
9804165
9805273
9806506
9807898
9809505
9811409
9813766
9816893
9821694
9834874
9934965
9940976
9944588
9947224
9949320
9951067
9952572
9953896
9955081
9956155
9957137
9958044
9958887
9959673
9960413
9961110
9961769
9962396
9962993
9963563
9964108
9964631
9965133
9965617
9966084
9966534
9966980
9967442
9967920
9968417
9968934
9969472
9970035
9970623
9971240
9971890
9972575
9973301
9974073
9974898
9975784
9976743
9977787
9978936
9980215
9981660
9983327
9985302
9987747
9990992
9995972
10009646
10115821
10122306
10126203
10129047
10131307
10133192
10134816
10136244
10137523
10138681
10139741
10140719
10141627
10142477
10143280
10144113
10145003
10145959
10146993
10148120
10149359
10150739
10152298
10154095
10156227
10158864
10162365
10167737
10182488
10289005
10295148
10298840
10301534
10303675
10305461
10306999
10308352
10309563
10310660
10311664
10312591
10313452
10314256
10315011
10315723
10316398
10317038
10317648
10318231
10318788
10319322
10319851
10320401
10320975
10321577
10322208
10322871
10323572
10324314
10325102
10325946
10326851
10327831
10328898
10330073
10331379
10332856
10334559
10336578
10339076
10342392
10347481
10361455
10464912
10471003
10474663
10477334
10479457
10481228
10482752
10484094
10485295
10486382
10487378
10488297
10489150
10489948
10490697
10491403
10492072
10492706
10493311
10493888
10494441
10494970
10495480
10495972
10496476
10496999
10497544
10498114
10498711
10499336
10499994
10500688
10501424
10502206
10503042
10503940
10504911
10505969
10507133
10508429
10509894
10511582
10513584
10516061
10519349
10524394
10538249
10643549
10649878
10653680
10656455
10658661
10660502
10662085
10663479
10664727
10665857
10666892
10667846
10668733
10669562
10670340
10671074
10671768
10672432
10673115
10673837
10674601
10675414
10676283
10677215
10678225
10679324
10680534
10681880
10683401
10685156
10687236
10689809
10693225
10698468
10712864
10818555
10824736
10828450
10831160
10833314
10835111
10836658
10838019
10839238
10840342
10841352
10842284
10843150
10843959
10844719
10845436
10846114
10846758
10847372
10847958
10848519
10849073
10849651
10850256
10850890
10851558
10852262
10853009
10853802
10854651
10855562
10856547
10857621
10858802
10860117
10861603
10863316
10865348
10867861
10871197
10876317
10890376
10997046
11003449
11007296
11010104
11012335
11014197
11015799
11017210
11018472
11019615
11020662
11021628
11022525
11023363
11024150
11024892
11025623
11026397
11027219
11028098
11029042
11030062
11031175
11032399
11033761
11035300
11037075
11039179
11041783
11045239
11050543
11065107
11172320
11178604
11182379
11185135
11187324
11189151
11190724
11192108
11193346
11194468
11195495
11196443
11197324
11198146
11198918
11199647
11200337
11200992
11201619
11202264
11202943
11203659
11204418
11205225
11206088
11207014
11208016
11209107
11210308
11211645
11213155
11214897
11216962
11219517
11222908
11228113
11242405
11349846
11356249
11360095
11362904
11365136
11366997
11368600
11370010
11371271
11372415
11373462
11374427
11375325
11376163
11376951
11377692
11378423
11379197
11380019
11380898
11381841
11382863
11383974
11385199
11386561
11388099
11389875
11391979
11394582
11398038
11403344
11417907
11527021
11533506
11537403
11540246
11542507
11544393
11546016
11547444
11548722
11549881
11550940
11551919
11552827
11553676
11554480
11555313
11556202
11557159
11558193
11559319
11560559
11561938
11563498
11565295
11567427
11570064
11573565
11578937
11593688
11698554
11704522
11708107
11710725
11712805
11714540
11716034
11717349
11718525
11719591
11720565
11721466
11722301
11723083
11723817
11724510
11725164
11725786
11726379
11726945
11727486
11728005
11728504
11728985
11729448
11729895
11730327
11730747
11731176
11731617
11732076
11732551
11733044
11733557
11734092
11734649
11735234
11735847
11736492
11737171
11737893
11738659
11739478
11740358
11741310
11742346
11743486
11744757
11746191
11747845
11749807
11752234
11755455
11760399
11773973
