27090.721
27071.422
27186.689
27046.23
27347.358
27347.358
27347.358
27462.112
27492.632
27492.564
27674.801
27681.244
27681.244
27681.244
27691.485
27691.485
27783.587
27781.959
28004.888
28004.888
28004.888
28036.222
27934.015
27821.092
27766.292
27875.621
27875.621
27875.621
28066.47
28121.677
28163.998
28163.998
28051.414
28051.414
28051.414
27783.04
27502.805
27649.775
27677.785
28015.062
28015.062
28015.062
27909.599
27881.724
27911.295
28132.054
28135.377
28135.377
28135.377
28235.889
28267.155
28239.28
28376.958
28455.088
28455.088
28455.088
28551.53
28515.449
28515.449
28621.387
28645.26
28645.26
28645.26
28462.142
28538.441
28538.441
28868.8
28634.883
28634.883
28634.883
28703.383
28583.678
28745.093
28956.9
28823.766
28823.766
28823.766
28907.051
28939.673
29030.215
29297.636
29348.095
29348.095
29348.095
29348.095
29196.039
29186.273
29160.094
28989.726
28989.726
28989.726
28535.796
28722.848
28734.445
28859.44
28256.032
28256.032
28256.032
28399.814
28807.625
29290.854
29379.768
29102.513
29102.513
29102.513
29276.815
29276.34
29551.424
29423.309
29398.079
29398.079
29398.079
29398.079
29232.188
29348.027
29219.98
28992.405
28992.405
28992.405
27960.804
27081.362
26957.588
25766.641
25409.356
25409.356
25409.356
26703.324
25917.408
27090.857
26121.28
25864.78
25864.78