5569368
7862567
8215367
8391767
8906358
8927461
9078329
9087592
9107397
9246191
9253992
9258679
9262199
9266409
9272871
9290612
9431129
9440392
9460197
9592075
9599140
9603385
9606484
9608946
9611000
9612768
9614346
9616044
9618003
9620325
9623198
9627011
9632864
9648934
9783929
9793192
9812997
9943804
9950754
9954931
9957979
9960402
9962423
9964163
9965694
9967081
9968560
9970231
9972157
9974442
9977269
9981021
9986779
10002590
10131470
10139618
10144711
10151461
10169995
10301270
10308716
10313191
10316457
10319052
10321509
10324537
10328557
10334726
10351664
10469190
10475735
10479668
10482539
10484820
10486723
10488362
10489804
10491094
10492263
10493333
10494320
10495237
10496101
10496999
10497964
10499008
10500145
10501396
10502788
10504362
10506176
10508328
10510990
10514523
10519945
10534834
10648920
10655819
10659965
10662991
10665396
10667402
10669128
10670648
10672008
10673329
10674798
10676456
10678369
10680636
10683442
10687166
10692882
10708575
10821990
10828535
10832468
10835339
10837620
10839523
10841162
10842604
10843894
10845063
10846133
10847120
10848037
10848901
10849799
10850764
10851808
10852945
10854196
10855588
10857162
10858976
10861128
10863790
10867323
10872745
10887634
10996806
11003183
11007015
11009811
11012034
11013888
11015485
11016889
11018146
11019285
11020327
11021289
11022183
11023018
11023802
11024541
11025246
11025973
11026743
11027562
11028437
11029377
11030394
11031502
11032721
11034078
11035611
11037378
11039475
11042068
11045510
11050793
11065299
11170672
11176780
11180450
11183129
11185258
11187033
11188562
11189908
11191112
11192203
11193201
11194122
11194978
11195778
11196529
11197237
11197908
11198544
11199151
11199729
11200284
11200815
11201325
11201831
11202356
11202903
11203474
11204072
11204699
11205359
11206055
11206793
11207578
11208416
11209316
11210290
11211351
11212519
11213818
11215286
11216979
11218987
11221471
11224768
11229828
11243721
11345495
11351434
11355004
11357608
11359680
11361406
11362893
11364202
11365372
11366433
11367403
11368300
11369133
11369911
11370640
11371329
11371982
11372601
11373190
11373753
11374293
11374809
11375306
11375784
11376244
11376690
11377120
11377536
11377942
11378354
11378781
11379221
11379677
11380150
11380641
11381152
11381684
11382240
11382821
11383431
11384073
11384750
11385467
11386230
11387046
11387920
11388868
11389900
11391035
11392298
11393728
11395374
11397326
11399742
11402948
11407870
11421380
11520733
11526550
11530045
11532595
11534623
11536314
11537770
11539051
11540198
11541237
11542188
11543064
11543880
11544642
11545358
11546032
11546670
11547277
11547854
11548405
11548932
11549438
11549925
11550394
11550845
11551281
11551702
11552110
11552505
11552889
11553262
11553624
11553976
11554321
11554671
11555030
11555399
11555780
11556171
11556575
11556992
11557424
11557871
11558334
11558815
11559314
11559835
11560380
11560949
11561545
11562174
11562837
11563540
11564287
11565085
11565943
11566871
11567881
11568993
11570230
11571628
11573241
11575153
11577518
11580657
11585477
11598708
11691322
11696521
11699646
11701926
11703739
11705250
11706551
11707697
11708721
11709649
11710499
11711283
11712013
11712692
11713332
11713934
11714505
11715047
11715564
11716057
11716528
11716980
11717415
11717833
11718237
11718626
11719003
11719368
11719722
11720065
11720397
11720721
11721036
11721343
11721642
11721934
11722218
11722497
11722768
11723034
11723293
11723549
11723798
11724042
11724281
11724517
11724747
11724973
11725195
11725413
11725627
11725838
11726046
11726249
11726449
11726647
11726842
11727033
11727222
11727408
11727591
11727771
11727950
11728125
11728298
11728469
11728638
11728804
11728969
11729130
11729290
11729449
11729605
11729760
11729913
11730064
11730214
11730360
11730507
11730651
11730796
11730943
11731092
11731243
11731395
11731549
11731705
11731862
11732022
11732184
11732348
11732514
11732682
11732851
11733024
11733199
11733376
11733555
11733738
11733923
11734111
11734301
11734495
11734691
11734892
11735094
11735301
11735509
11735723
11735940
11736161
11736386
11736616
11736848
11737087
11737329
11737577
11737830
11738088
11738352
11738622
11738898
11739181
11739470
11739768
11740072
11740384
11740706
11741035
11741376
11741726
11742086
11742461
11742845
11743245
11743658
11744088
11744536
11745002
11745487
11745996
11746530
11747092
11747684
11748312
11748980
11749693
11750460
11751289
11752192
11753185
11754292
11755542
11756983
11758693
11760807
11763613
11767920
11779747
